             x               y
       0.293832        0.25367
       0.447676       0.488296
       0.468856       0.809259
       0.673696       0.727653
       0.211493       0.560747
       0.397107       0.875698
      0.0564592       0.425886
       0.798791      0.0876797
       0.944914        0.86111
        0.17008     0.00750755
       0.890957       0.486587
       0.162572       0.643818
       0.478408       0.221229
       0.508377       0.834101
       0.593921       0.708579
       0.867336       0.327647
       0.302347       0.314768
        0.95764      0.0192572
       0.271432       0.480575
       0.625721        0.36433
       0.651234       0.707511
      0.0118717       0.506851
       0.814936        0.96054
        0.46794       0.151585
       0.867244       0.767632
       0.383007       0.711844
       0.326792       0.798151
       0.573748       0.763482
       0.888302       0.200751
       0.395337       0.337077
       0.671346       0.482589
       0.229408      0.0793176
       0.861476       0.210364
       0.505173       0.814508
       0.150426       0.315256
       0.909909       0.537797
       0.881191       0.282571
        0.94528       0.371502
       0.304392     0.00723289
       0.485672       0.515488
       0.852535       0.596637
       0.494461       0.722556
       0.837703       0.902097
       0.554979       0.331095
       0.479598      0.0598773
       0.372051       0.385296
        0.66982       0.823542
       0.900662       0.874325
       0.378674       0.968017
       0.257485       0.622272
       0.110935       0.547929
 The estimated value of pi using Monte Carlo Calculation is 3.1372549020
