             x               y
      0.0710166        0.82931
       0.284402       0.431928
       0.842799       0.373791
      0.0188299        0.28312
       0.651265       0.285958
       0.998108      0.0126041
      0.0176092       0.852443
       0.311899     0.00207526
       0.344188       0.723991
       0.934294      0.0508133
       0.569567       0.575762
        0.86758       0.568285
       0.715842       0.089877
       0.319834       0.666952
        0.73513      0.0414441
       0.571795       0.186865
       0.560808       0.769341
        0.68923       0.183111
       0.770379       0.813166
       0.737541       0.907376
       0.765648       0.997192
       0.654317       0.814753
       0.876919       0.743187
       0.436628       0.627583
       0.297159       0.892697
         0.7987       0.986785
        0.25251       0.820338
       0.956816       0.722495
       0.315531       0.119633
       0.697287       0.275155
       0.266915       0.642232
       0.383831       0.298135
       0.412763       0.171606
      0.0608844       0.973296
       0.762719       0.513321
       0.308481      0.0705588
       0.975951       0.282022
     0.00570696       0.283303
       0.480972       0.167302
       0.658498       0.869747
       0.675405       0.959288
        0.44792       0.132664
       0.612171       0.114872
       0.655751       0.768334
      0.0781274       0.146947
       0.623035       0.615375
       0.471847       0.616352
        0.89819        0.83581
       0.385968     0.00903348
       0.730674       0.058504
       0.301462       0.279305
       0.566881       0.517197
        0.29899       0.339946
       0.703909       0.713523
        0.19425        0.28132
        0.75808       0.637043
      0.0036317        0.59978
       0.103885      0.0727866
       0.145787       0.217536
       0.940214      0.0283212
       0.286111        0.57445
       0.139317       0.810938
       0.229926       0.573412
       0.535905       0.786431
       0.770714       0.660756
       0.811121       0.351146
       0.899625        0.82223
       0.629139       0.147801
       0.282876       0.776696
       0.181707      0.0567644
       0.412549       0.147893
       0.797082       0.994201
       0.337718       0.896512
       0.769768      0.0476089
          0.382       0.792596
      0.0672018       0.981323
       0.753258       0.210883
      0.0696738       0.641316
       0.452651      0.0292673
       0.999481       0.292825
        0.38847       0.912137
       0.196051       0.419813
       0.101321       0.759545
       0.893033      0.0193182
      0.0069277       0.604175
       0.653279       0.920774
       0.562822       0.736106
       0.118564       0.162114
        0.26487       0.337962
       0.229987       0.953887
       0.880581       0.410596
       0.575182       0.262154
       0.824458       0.271432
      0.0187689       0.542375
      0.0825526        0.40611
       0.272469       0.654073
        0.59209       0.954833
       0.560503       0.489364
        0.48204       0.614917
      0.0374462        0.34489
      0.0817896       0.240608
       0.113926       0.569384
       0.103336       0.921171
       0.346782       0.518021
        0.90347       0.818903
      0.0502335       0.344493
       0.232582       0.548357
       0.283639       0.662252
       0.375927       0.377422
       0.372662       0.606098
      0.0935392      0.0322275
         0.6198        0.32551
       0.265542       0.386761
        0.36079       0.440901
       0.648457       0.818323
      0.0226447       0.493851
       0.649312       0.510483
       0.340312       0.922788
       0.523606       0.484512
        0.38728       0.595355
       0.903134        0.64037
       0.577441       0.428785
      0.0603351       0.588916
       0.293435       0.129032
        0.81521       0.556383
       0.298502       0.580767
       0.490768       0.142277
       0.587634       0.918699
       0.824183       0.212073
       0.834437       0.811792
       0.238472       0.705893
      0.0900601       0.991913
       0.382519        0.64452
       0.890286        0.55739
       0.344371       0.113956
       0.426801      0.0838343
       0.444838       0.509629
       0.939756      0.0721458
      0.0174261       0.821589
       0.986663       0.766289
      0.0809351       0.242195
       0.744865       0.870998
       0.310587       0.877163
     0.00332652       0.201422
       0.214454       0.841182
    0.000244148       0.795618
       0.921354       0.520066
       0.762413       0.520859
       0.485824       0.279641
       0.102908       0.705893
       0.117618       0.403485
       0.933378       0.829371
       0.240669       0.540208
      0.0466018       0.796381
        0.78869       0.441939
      0.0265816        0.83401
       0.643178       0.274941
        0.44142       0.537492
       0.620624       0.283883
       0.975585      0.0978118
       0.914243       0.090701
       0.658315       0.242195
       0.397443       0.409528
       0.843623       0.918912
       0.694784        0.45912
      0.0986053       0.257179
       0.426649       0.853359
        0.65624       0.834193
       0.534104         0.2519
       0.588672       0.779412
      0.0900906       0.551775
       0.357891       0.748466
       0.503098       0.900998
       0.899167       0.297372
       0.519761       0.315958
       0.894223       0.688192
       0.932524       0.183538
       0.389843       0.657704
       0.398511       0.429243
       0.418897       0.180395
       0.276254       0.632344
       0.778985       0.756462
       0.885952       0.870022
       0.625935       0.256722
       0.099765       0.570727
       0.037843       0.855464
       0.669057       0.159154
       0.206305      0.0821558
       0.193152       0.772881
       0.410352       0.523881
       0.138096       0.832911
       0.430403       0.209052
       0.809565       0.748924
       0.557482       0.204443
        0.68749       0.540361
       0.854762       0.455977
      0.0283517        0.65508
       0.826899       0.405072
       0.141209       0.766228
        0.15421       0.411664
       0.243599       0.828974
       0.647389       0.515061
       0.304056        0.17835
      0.0789514        0.56386
       0.777123       0.949461
      0.0484634       0.246559
       0.637074       0.600635
       0.536546      0.0532853
       0.616932       0.822138
       0.304971       0.701071
       0.058504        0.61034
       0.798822      0.0525529
       0.280404         0.7893
       0.706412      0.0607624
       0.869503       0.760979
       0.834132       0.769982
       0.802728       0.765099
       0.451613       0.904904
       0.804987       0.429975
       0.764214      0.0785852
        0.84991        0.89584
       0.668264       0.151189
       0.209265       0.291238
       0.446272       0.769982
       0.957396       0.844905
        0.55739       0.622394
       0.337046       0.412793
        0.18009       0.433241
       0.893002       0.703177
       0.662954       0.237403
       0.779077       0.979553
       0.539903       0.958861
       0.145512       0.523942
       0.266243       0.827967
      0.0128178       0.640828
       0.331553       0.667592
       0.537767       0.483291
       0.905698       0.579882
      0.0785546       0.483108
        0.67449      0.0643941
       0.964995        0.66509
      0.0209967      0.0994903
       0.379803       0.627735
       0.208747       0.217414
       0.258003       0.471175
       0.723075       0.105167
       0.609394       0.453383
       0.427076       0.761742
       0.171697       0.656545
       0.688253       0.743492
       0.799982       0.443892
        0.13187       0.528367
       0.498184       0.989532
       0.177984       0.530839
       0.500076       0.660878
       0.017304       0.798181
       0.304971       0.536882
       0.183386       0.919797
      0.0747093       0.841334
       0.376263       0.180731
       0.298471       0.574023
       0.694693       0.490463
       0.131199       0.120273
       0.932463        0.11832
       0.312174        0.12009
      0.0957366        0.76693
      0.0699179       0.378552
       0.797296      0.0146794
       0.919858      0.0982391
       0.683676        0.65865
       0.760216       0.215369
       0.552202       0.989105
       0.173925       0.120609
       0.313334       0.526872
       0.340953       0.545946
       0.455367       0.255074
       0.468825       0.898679
       0.166845       0.876003
        0.14655       0.824183
        0.77398       0.124546
       0.529069       0.278207
       0.648152       0.670064
       0.757591       0.890378
       0.241066       0.636586
       0.522721       0.899655
       0.402448       0.274087
        0.17658        0.44377
       0.637715       0.811213
         0.2996       0.483047
       0.460891      0.0205084
       0.128971       0.140324
       0.499985       0.528581
       0.754601       0.738365
       0.509995       0.400616
       0.488662       0.315348
       0.950957      0.0326243
       0.315806       0.900632
       0.286172       0.880825
       0.828913       0.331065
       0.657796      0.0602435
       0.558061       0.890011
      0.0953398       0.344218
       0.098056       0.549364
       0.913816       0.594867
       0.941069      0.0969573
       0.457381       0.156926
       0.420484       0.929411
       0.845302       0.245582
       0.672628       0.792566
       0.875698       0.859554
      0.0220344       0.250313
       0.743919       0.251045
       0.697043       0.163366
       0.731742       0.483444
       0.281259         0.9588
       0.523331       0.108249
       0.808344       0.971923
       0.304544       0.492294
       0.904813       0.641835
       0.301553       0.826655
       0.888577       0.841609
       0.915311        0.34843
        0.22837       0.124332
       0.107791       0.806787
       0.271035       0.166906
       0.196783       0.704184
       0.642476       0.191748
       0.714591       0.344401
       0.228675       0.648732
       0.487991       0.218421
       0.143223       0.937834
       0.594745       0.759362
       0.587237       0.454237
       0.353557       0.997925
     0.00814844       0.737053
     0.00341807       0.149358
       0.463637     0.00228889
       0.228462       0.663594
        0.59685       0.842586
       0.185186       0.769036
       0.129154       0.373455
       0.187414      0.0421766
       0.276894       0.608722
       0.706046       0.033723
       0.997894       0.345195
       0.839381       0.482498
       0.474593       0.338664
       0.910367       0.148534
       0.739769      0.0520341
       0.347148       0.796808
       0.850764       0.757073
       0.503006       0.362072
       0.519089        0.27073
       0.571978       0.827296
       0.601367       0.107761
       0.256417       0.845485
       0.357646       0.330363
       0.342936       0.637501
       0.883633       0.876461
       0.842524       0.196203
       0.623066       0.647603
       0.851558       0.328593
       0.366436       0.138188
       0.789758       0.567095
        0.64214       0.886685
       0.171239       0.481033
       0.906461        0.53032
       0.565233       0.420148
       0.438917       0.744835
       0.902066       0.220618
       0.348613        0.84991
       0.781701       0.905484
       0.598254       0.362133
        0.93997       0.910245
       0.452101       0.276376
       0.529496       0.865261
       0.253883       0.356883
       0.371441       0.466018
       0.941099       0.219428
       0.833766       0.462477
       0.201788       0.485733
       0.493149       0.298898
        0.68041       0.791406
       0.236213       0.435102
       0.138432       0.928709
       0.956328       0.880978
       0.976531       0.905087
       0.502457       0.974731
      0.0241401       0.199408
       0.036317       0.936857
     0.00311289       0.996338
        0.45381       0.230567
       0.571245       0.680441
      0.0272225        0.26017
       0.352062       0.371715
       0.924467        0.43852
       0.857479       0.783044
       0.761284       0.154912
       0.709006       0.181188
       0.843379       0.674795
      0.0641499       0.732749
       0.253517       0.501877
       0.654286      0.0158086
        0.44142       0.235023
        0.33961       0.979278
       0.471175       0.449995
       0.588702       0.130222
       0.583453       0.638142
       0.787317       0.231666
       0.228339       0.732841
       0.784204       0.290536
       0.225166       0.255165
        0.57915       0.118656
        0.20542       0.609943
       0.559832       0.246803
         0.9953        0.56328
       0.193884       0.473647
      0.0936918       0.433271
       0.582324       0.830744
       0.902554      0.0245674
       0.780328       0.244789
       0.864864       0.838618
       0.292032       0.678396
       0.167669       0.590136
       0.645466       0.030427
       0.165441       0.561968
       0.453566       0.577776
       0.180486        0.82873
       0.868068        0.23899
       0.836573       0.880947
       0.831812       0.441603
       0.581927       0.680898
      0.0366527       0.874264
       0.558214       0.681204
        0.99237       0.904813
       0.471023       0.837764
       0.113041       0.945555
       0.618976       0.147832
       0.227638       0.547258
       0.737022       0.744987
       0.420392       0.502731
        0.81048      0.0817591
       0.607501       0.741478
       0.516251       0.231666
       0.756645       0.296579
       0.446913       0.841243
       0.155004       0.125217
       0.774407       0.764183
        0.63274      0.0637837
       0.509568       0.908048
       0.147313       0.699179
      0.0133366       0.325175
       0.635914       0.437178
        0.91644      0.0790735
       0.541307       0.549577
       0.103214       0.917447
       0.917997       0.480819
       0.916623       0.282785
       0.524522       0.195898
        0.23954        0.69277
       0.808649       0.850276
       0.609973      0.0203558
       0.190863       0.563494
      0.0250862       0.705985
       0.553667       0.577593
       0.591571       0.432386
        0.34138       0.581286
       0.677175        0.29371
       0.178259       0.481674
       0.721274       0.990051
       0.410016        0.40434
       0.359325      0.0783715
       0.475417       0.203253
      0.0182196       0.811701
       0.514481       0.261635
       0.638661       0.597064
       0.118992       0.865139
       0.680471       0.604144
       0.632008       0.928587
      0.0676901       0.555376
       0.902219       0.357341
       0.229255       0.229072
       0.899991       0.824854
       0.891476       0.706534
       0.100711       0.247261
       0.778924        0.89465
      0.0419935       0.736839
       0.879604       0.355052
       0.961119       0.314798
       0.431074       0.971496
       0.918455       0.165471
       0.283181       0.485763
       0.313974       0.712546
       0.794397       0.434553
       0.202246       0.298837
       0.917051       0.517685
       0.312418       0.750938
       0.628956       0.929289
       0.179815        0.60976
       0.366466       0.683035
 The estimated value of pi using Monte Carlo Calculation is 3.168
