             x               y
       0.170568       0.810236
       0.692312       0.587725
       0.942137       0.260323
       0.151372       0.471816
       0.437361       0.537126
       0.418165       0.225898
       0.974853       0.136784
       0.148991       0.945708
        0.57268       0.589221
       0.500931       0.420454
       0.582293       0.182684
      0.0822474       0.905698
       0.495346       0.167089
       0.468001       0.202399
       0.831355       0.717002
       0.435652       0.574145
       0.511063       0.435682
       0.578326        0.53325
       0.622974       0.681387
       0.450636      0.0274972
       0.988128       0.497116
       0.904508      0.0584735
       0.430464       0.425306
       0.770165       0.262734
       0.158208       0.988311
       0.539659       0.486923
       0.162908       0.116276
       0.208136        0.88876
      0.0422681       0.303598
       0.929716       0.594226
       0.153233       0.774926
       0.644093       0.442854
       0.501144       0.442427
       0.330149       0.852107
       0.271645       0.935209
      0.0425733       0.332041
        0.41142        0.48207
       0.388256       0.681967
       0.163854       0.929472
       0.597888       0.399487
       0.966247         0.6751
       0.850093       0.334086
       0.614368       0.798791
     0.00326548       0.115909
       0.101016       0.172185
       0.392376       0.391308
      0.0347301       0.827937
        0.84582       0.396069
      0.0443739       0.369823
       0.579821       0.898038
      0.0769066       0.705618
       0.125736      0.0399792
       0.993652       0.882839
       0.946867       0.114139
       0.371502       0.309671
       0.900998       0.799585
       0.915891       0.141972
        0.20484       0.893857
       0.390942       0.117161
      0.0568255      0.0698569
       0.473617       0.616901
       0.574084       0.689596
       0.437971       0.239509
       0.200293       0.205481
      0.0755638       0.663442
       0.240699       0.181097
       0.758751      0.0827357
         0.6798       0.462142
      0.0524003       0.996521
       0.938963       0.529099
       0.781182       0.632588
       0.729514       0.562853
        0.95764       0.787713
       0.657979        0.25428
       0.478286       0.364635
       0.739158       0.889492
       0.993316       0.387921
       0.474013       0.741325
       0.856349       0.779473
       0.648213       0.299142
       0.560778       0.675008
        0.50734       0.367565
       0.568316       0.562914
       0.465743       0.565538
       0.936613      0.0264901
     0.00436415       0.257149
       0.651936       0.371105
       0.914792       0.445387
      0.0731529       0.917173
       0.544633       0.659841
         0.3932       0.240638
       0.201788       0.369945
       0.524552       0.141758
       0.372723       0.954894
       0.314554       0.623829
       0.911466       0.761223
        0.49733       0.662648
       0.855617       0.279885
       0.288095      0.0487075
      0.0258187       0.973449
 The estimated value of pi using Monte Carlo Calculation is 3.280000000000000
